proj:       1
zone:       19
north:      2122106.5438864
south:      2092972.13396776
east:       320371.90887679
west:       287831.01410612
cols:       363
rows:       325
e-w resol:  89.64433821
n-s resol:  89.64433821
format:     3
compressed: 5
