proj:       1
zone:       19
north:      2113142.11006528
south:      2101040.12440677
east:       311586.76373209
west:       293747.54042806
cols:       199
rows:       135
e-w resol:  89.64433821
n-s resol:  89.64433821
format:     -1
compressed: 5
