proj:       1
zone:       19
north:      2113052.46572707
south:      2101040.12440677
east:       311497.11939388
west:       293837.18476627
cols:       197
rows:       134
e-w resol:  89.64433821
n-s resol:  89.64433821
format:     0
compressed: 5
